Number of clusters : 3
Data size : 30

Initialization phase :
Cluster Name : Cluster(3)
Cluster Size : 0
Cluster Centroid : [6.2, 3.4, 5.4, 2.3]


Cluster Name : Cluster(1)
Cluster Size : 0
Cluster Centroid : [5.8, 2.7, 3.9, 1.2]


Cluster Name : Cluster(2)
Cluster Size : 0
Cluster Centroid : [5.5, 2.5, 4.0, 1.3]


Step 1
Cluster Name : Cluster(1)
Cluster Size : 15
Cluster Centroid : [5.3, 3.2, 2.4, 0.6]
[1 : 5.4, 3.9, 1.7, 0.4]
[2 : 4.6, 3.4, 1.4, 0.3]
[3 : 5.0, 3.4, 1.5, 0.2]
[4 : 4.4, 2.9, 1.4, 0.2]
[5 : 4.9, 3.1, 1.5, 0.1]
[6 : 5.4, 3.7, 1.5, 0.2]
[7 : 4.8, 3.4, 1.6, 0.2]
[8 : 4.8, 3.0, 1.4, 0.1]
[9 : 4.3, 3.0, 1.1, 0.1]
[10 : 5.8, 4.0, 1.2, 0.2]
[11 : 5.8, 2.7, 3.9, 1.2]
[14 : 6.0, 3.4, 4.5, 1.6]
[16 : 6.3, 2.3, 4.4, 1.3]
[17 : 5.6, 3.0, 4.1, 1.3]
[20 : 6.1, 3.0, 4.6, 1.4]


Cluster Name : Cluster(3)
Cluster Size : 12
Cluster Centroid : [6.4, 3.0, 5.3, 2.1]
[12 : 6.0, 2.7, 5.1, 1.6]
[15 : 6.7, 3.1, 4.7, 1.5]
[21 : 6.7, 3.1, 5.6, 2.4]
[22 : 6.9, 3.1, 5.1, 2.3]
[23 : 5.8, 2.7, 5.1, 1.9]
[24 : 6.8, 3.2, 5.9, 2.3]
[25 : 6.7, 3.3, 5.7, 2.5]
[26 : 6.7, 3.0, 5.2, 2.3]
[27 : 6.3, 2.5, 5.0, 1.9]
[28 : 6.5, 3.0, 5.2, 2.0]
[29 : 6.2, 3.4, 5.4, 2.3]
[30 : 5.9, 3.0, 5.1, 1.8]


Cluster Name : Cluster(2)
Cluster Size : 3
Cluster Centroid : [5.5, 2.7, 4.3, 1.3]
[13 : 5.4, 3.0, 4.5, 1.5]
[18 : 5.5, 2.5, 4.0, 1.3]
[19 : 5.5, 2.6, 4.4, 1.2]


Step 2
Cluster Name : Cluster(1)
Cluster Size : 10
Cluster Centroid : [4.9, 3.4, 1.4, 0.2]
[1 : 5.4, 3.9, 1.7, 0.4]
[2 : 4.6, 3.4, 1.4, 0.3]
[3 : 5.0, 3.4, 1.5, 0.2]
[4 : 4.4, 2.9, 1.4, 0.2]
[5 : 4.9, 3.1, 1.5, 0.1]
[6 : 5.4, 3.7, 1.5, 0.2]
[7 : 4.8, 3.4, 1.6, 0.2]
[8 : 4.8, 3.0, 1.4, 0.1]
[9 : 4.3, 3.0, 1.1, 0.1]
[10 : 5.8, 4.0, 1.2, 0.2]


Cluster Name : Cluster(3)
Cluster Size : 12
Cluster Centroid : [6.4, 3.0, 5.3, 2.1]
[12 : 6.0, 2.7, 5.1, 1.6]
[15 : 6.7, 3.1, 4.7, 1.5]
[21 : 6.7, 3.1, 5.6, 2.4]
[22 : 6.9, 3.1, 5.1, 2.3]
[23 : 5.8, 2.7, 5.1, 1.9]
[24 : 6.8, 3.2, 5.9, 2.3]
[25 : 6.7, 3.3, 5.7, 2.5]
[26 : 6.7, 3.0, 5.2, 2.3]
[27 : 6.3, 2.5, 5.0, 1.9]
[28 : 6.5, 3.0, 5.2, 2.0]
[29 : 6.2, 3.4, 5.4, 2.3]
[30 : 5.9, 3.0, 5.1, 1.8]


Cluster Name : Cluster(2)
Cluster Size : 8
Cluster Centroid : [5.8, 2.8, 4.3, 1.4]
[11 : 5.8, 2.7, 3.9, 1.2]
[13 : 5.4, 3.0, 4.5, 1.5]
[14 : 6.0, 3.4, 4.5, 1.6]
[16 : 6.3, 2.3, 4.4, 1.3]
[17 : 5.6, 3.0, 4.1, 1.3]
[18 : 5.5, 2.5, 4.0, 1.3]
[19 : 5.5, 2.6, 4.4, 1.2]
[20 : 6.1, 3.0, 4.6, 1.4]


Step 3
Cluster Name : Cluster(1)
Cluster Size : 10
Cluster Centroid : [4.9, 3.4, 1.4, 0.2]
[1 : 5.4, 3.9, 1.7, 0.4]
[2 : 4.6, 3.4, 1.4, 0.3]
[3 : 5.0, 3.4, 1.5, 0.2]
[4 : 4.4, 2.9, 1.4, 0.2]
[5 : 4.9, 3.1, 1.5, 0.1]
[6 : 5.4, 3.7, 1.5, 0.2]
[7 : 4.8, 3.4, 1.6, 0.2]
[8 : 4.8, 3.0, 1.4, 0.1]
[9 : 4.3, 3.0, 1.1, 0.1]
[10 : 5.8, 4.0, 1.2, 0.2]


Cluster Name : Cluster(3)
Cluster Size : 12
Cluster Centroid : [6.4, 3.0, 5.3, 2.1]
[12 : 6.0, 2.7, 5.1, 1.6]
[15 : 6.7, 3.1, 4.7, 1.5]
[21 : 6.7, 3.1, 5.6, 2.4]
[22 : 6.9, 3.1, 5.1, 2.3]
[23 : 5.8, 2.7, 5.1, 1.9]
[24 : 6.8, 3.2, 5.9, 2.3]
[25 : 6.7, 3.3, 5.7, 2.5]
[26 : 6.7, 3.0, 5.2, 2.3]
[27 : 6.3, 2.5, 5.0, 1.9]
[28 : 6.5, 3.0, 5.2, 2.0]
[29 : 6.2, 3.4, 5.4, 2.3]
[30 : 5.9, 3.0, 5.1, 1.8]


Cluster Name : Cluster(2)
Cluster Size : 8
Cluster Centroid : [5.8, 2.8, 4.3, 1.4]
[11 : 5.8, 2.7, 3.9, 1.2]
[13 : 5.4, 3.0, 4.5, 1.5]
[14 : 6.0, 3.4, 4.5, 1.6]
[16 : 6.3, 2.3, 4.4, 1.3]
[17 : 5.6, 3.0, 4.1, 1.3]
[18 : 5.5, 2.5, 4.0, 1.3]
[19 : 5.5, 2.6, 4.4, 1.2]
[20 : 6.1, 3.0, 4.6, 1.4]


---------- Completion phase ----------
Cluster Name : Cluster(1)
Cluster Size : 10
Cluster Centroid : [4.9, 3.4, 1.4, 0.2]
[1 : 5.4, 3.9, 1.7, 0.4]
[2 : 4.6, 3.4, 1.4, 0.3]
[3 : 5.0, 3.4, 1.5, 0.2]
[4 : 4.4, 2.9, 1.4, 0.2]
[5 : 4.9, 3.1, 1.5, 0.1]
[6 : 5.4, 3.7, 1.5, 0.2]
[7 : 4.8, 3.4, 1.6, 0.2]
[8 : 4.8, 3.0, 1.4, 0.1]
[9 : 4.3, 3.0, 1.1, 0.1]
[10 : 5.8, 4.0, 1.2, 0.2]


Cluster Name : Cluster(3)
Cluster Size : 12
Cluster Centroid : [6.4, 3.0, 5.3, 2.1]
[12 : 6.0, 2.7, 5.1, 1.6]
[15 : 6.7, 3.1, 4.7, 1.5]
[21 : 6.7, 3.1, 5.6, 2.4]
[22 : 6.9, 3.1, 5.1, 2.3]
[23 : 5.8, 2.7, 5.1, 1.9]
[24 : 6.8, 3.2, 5.9, 2.3]
[25 : 6.7, 3.3, 5.7, 2.5]
[26 : 6.7, 3.0, 5.2, 2.3]
[27 : 6.3, 2.5, 5.0, 1.9]
[28 : 6.5, 3.0, 5.2, 2.0]
[29 : 6.2, 3.4, 5.4, 2.3]
[30 : 5.9, 3.0, 5.1, 1.8]


Cluster Name : Cluster(2)
Cluster Size : 8
Cluster Centroid : [5.8, 2.8, 4.3, 1.4]
[11 : 5.8, 2.7, 3.9, 1.2]
[13 : 5.4, 3.0, 4.5, 1.5]
[14 : 6.0, 3.4, 4.5, 1.6]
[16 : 6.3, 2.3, 4.4, 1.3]
[17 : 5.6, 3.0, 4.1, 1.3]
[18 : 5.5, 2.5, 4.0, 1.3]
[19 : 5.5, 2.6, 4.4, 1.2]
[20 : 6.1, 3.0, 4.6, 1.4]
