Number of clusters : 3
Data size : 150
Set Name : 1
Set Size : 38
[10 : 4.9, 3.1, 1.5, 0.1]
[35 : 4.9, 3.1, 1.5, 0.1]
[102 : 5.8, 2.7, 5.1, 1.9]
[143 : 5.8, 2.7, 5.1, 1.9]
[8 : 5.0, 3.4, 1.5, 0.2]
[40 : 5.1, 3.4, 1.5, 0.2]
[1 : 5.1, 3.5, 1.4, 0.2]
[18 : 5.1, 3.5, 1.4, 0.3]
[129 : 6.4, 2.8, 5.6, 2.1]
[133 : 6.4, 2.8, 5.6, 2.2]
[11 : 5.4, 3.7, 1.5, 0.2]
[49 : 5.3, 3.7, 1.5, 0.2]
[20 : 5.1, 3.8, 1.5, 0.3]
[22 : 5.1, 3.7, 1.5, 0.4]
[30 : 4.7, 3.2, 1.6, 0.2]
[31 : 4.8, 3.1, 1.6, 0.2]
[58 : 4.9, 2.4, 3.3, 1.0]
[94 : 5.0, 2.3, 3.3, 1.0]
[81 : 5.5, 2.4, 3.8, 1.1]
[82 : 5.5, 2.4, 3.7, 1.0]
[117 : 6.5, 3.0, 5.5, 1.8]
[138 : 6.4, 3.1, 5.5, 1.8]
[9 : 4.4, 2.9, 1.4, 0.2]
[39 : 4.4, 3.0, 1.3, 0.2]
[4 : 4.6, 3.1, 1.5, 0.2]
[48 : 4.6, 3.2, 1.4, 0.2]
[28 : 5.2, 3.5, 1.5, 0.2]
[29 : 5.2, 3.4, 1.4, 0.2]
[83 : 5.8, 2.7, 3.9, 1.2]
[93 : 5.8, 2.6, 4.0, 1.2]
[96 : 5.7, 3.0, 4.2, 1.2]
[97 : 5.7, 2.9, 4.2, 1.3]
[128 : 6.1, 3.0, 4.9, 1.8]
[139 : 6.0, 3.0, 4.8, 1.8]
[2 : 4.9, 3.0, 1.4, 0.2]
[46 : 4.8, 3.0, 1.4, 0.3]
[64 : 6.1, 2.9, 4.7, 1.4]
[92 : 6.1, 3.0, 4.6, 1.4]

Set Name : 2
Set Size : 38
[66 : 6.7, 3.1, 4.4, 1.4]
[76 : 6.6, 3.0, 4.4, 1.4]
[124 : 6.3, 2.7, 4.9, 1.8]
[127 : 6.2, 2.8, 4.8, 1.8]
[5 : 5.0, 3.6, 1.4, 0.2]
[41 : 5.0, 3.5, 1.3, 0.3]
[113 : 6.8, 3.0, 5.5, 2.1]
[140 : 6.9, 3.1, 5.4, 2.1]
[13 : 4.8, 3.0, 1.4, 0.1]
[38 : 4.9, 3.1, 1.5, 0.1]
[95 : 5.6, 2.7, 4.2, 1.3]
[100 : 5.7, 2.8, 4.1, 1.3]
[67 : 5.6, 3.0, 4.5, 1.5]
[85 : 5.4, 3.0, 4.5, 1.5]
[24 : 5.1, 3.3, 1.7, 0.5]
[27 : 5.0, 3.4, 1.6, 0.4]
[54 : 5.5, 2.3, 4.0, 1.3]
[90 : 5.5, 2.5, 4.0, 1.3]
[75 : 6.4, 2.9, 4.3, 1.3]
[98 : 6.2, 2.9, 4.3, 1.3]
[36 : 5.0, 3.2, 1.2, 0.2]
[50 : 5.0, 3.3, 1.4, 0.2]
[111 : 6.5, 3.2, 5.1, 2.0]
[148 : 6.5, 3.0, 5.2, 2.0]
[121 : 6.9, 3.2, 5.7, 2.3]
[144 : 6.8, 3.2, 5.9, 2.3]
[137 : 6.3, 3.4, 5.6, 2.4]
[149 : 6.2, 3.4, 5.4, 2.3]
[55 : 6.5, 2.8, 4.6, 1.5]
[59 : 6.6, 2.9, 4.6, 1.3]
[141 : 6.7, 3.1, 5.6, 2.4]
[145 : 6.7, 3.3, 5.7, 2.5]
[142 : 6.9, 3.1, 5.1, 2.3]
[146 : 6.7, 3.0, 5.2, 2.3]
[69 : 6.2, 2.2, 4.5, 1.5]
[88 : 6.3, 2.3, 4.4, 1.3]
[3 : 4.7, 3.2, 1.3, 0.2]
[7 : 4.6, 3.4, 1.4, 0.3]

Set Name : 3
Set Size : 38
[51 : 7.0, 3.2, 4.7, 1.4]
[53 : 6.9, 3.1, 4.9, 1.5]
[52 : 6.4, 3.2, 4.5, 1.5]
[57 : 6.3, 3.3, 4.7, 1.6]
[108 : 7.3, 2.9, 6.3, 1.8]
[131 : 7.4, 2.8, 6.1, 1.9]
[106 : 7.6, 3.0, 6.6, 2.1]
[123 : 7.7, 2.8, 6.7, 2.0]
[21 : 5.4, 3.4, 1.7, 0.2]
[32 : 5.4, 3.4, 1.5, 0.4]
[12 : 4.8, 3.4, 1.6, 0.2]
[25 : 4.8, 3.4, 1.9, 0.2]
[56 : 5.7, 2.8, 4.5, 1.3]
[91 : 5.5, 2.6, 4.4, 1.2]
[14 : 4.3, 3.0, 1.1, 0.1]
[43 : 4.4, 3.2, 1.3, 0.2]
[62 : 5.9, 3.0, 4.2, 1.5]
[79 : 6.0, 2.9, 4.5, 1.5]
[84 : 6.0, 2.7, 5.1, 1.6]
[134 : 6.3, 2.8, 5.1, 1.5]
[6 : 5.4, 3.9, 1.7, 0.4]
[19 : 5.7, 3.8, 1.7, 0.3]
[114 : 5.7, 2.5, 5.0, 2.0]
[122 : 5.6, 2.8, 4.9, 2.0]
[33 : 5.2, 4.1, 1.5, 0.1]
[34 : 5.5, 4.2, 1.4, 0.2]
[77 : 6.8, 2.8, 4.8, 1.4]
[87 : 6.7, 3.1, 4.7, 1.5]
[126 : 7.2, 3.2, 6.0, 1.8]
[130 : 7.2, 3.0, 5.8, 1.6]
[45 : 5.1, 3.8, 1.9, 0.4]
[47 : 5.1, 3.8, 1.6, 0.2]
[71 : 5.9, 3.2, 4.8, 1.8]
[150 : 5.9, 3.0, 5.1, 1.8]
[68 : 5.8, 2.7, 4.1, 1.0]
[70 : 5.6, 2.5, 3.9, 1.1]
[112 : 6.4, 2.7, 5.3, 1.9]
[147 : 6.3, 2.5, 5.0, 1.9]